		SIKKIM MANIPAL UNIVERSITY 

		GRADE SHEET - MAY/JUNE 2026 EXAMINATIONS.  

Subject Code  : CD204A1		refcode(AIDS402)
Subject Title : DESIGN AND ANALYSIS OF ALGORITHMS (CD204A1)
Subject Credit : 4.0 

REGNO		INT	   UM		TOT	GRADE
202200217	 8.00	   AB	      0.00	I
202400007	32.70	 26.5	     60.00	C
202400021	35.70	   29	     65.00	B
202400029	19.40	   19	     39.00	E
202400034	27.10	 26.5	     54.00	D
202400052	28.00	 31.5	     60.00	C
202400102	29.50	 17.5	     47.00	D
202400113	27.10	 27.5	     55.00	C
202400130	14.80	 26.5	     42.00	E
202400168	37.50	   30	     68.00	B
202400195	39.70	   41	     81.00	A
202400198	35.90	 37.5	     74.00	B
202400240	30.50	   30	     61.00	C
202400241	19.10	 18.5	     38.00	E
202400246	27.70	   24	     52.00	D
202400250	31.90	 22.5	     55.00	C
202400262	29.60	 34.5	     65.00	B
202400264	34.20	   36	     71.00	B
202400265	27.10	 26.5	     54.00	D
202400289	30.80	   23	     54.00	D
202400303	41.10	   41	     83.00	A
202400311	37.50	 26.5	     64.00	C
202400313	22.40	   19	     42.00	E
202400314	34.30	 37.5	     72.00	B
202400324	27.10	   21	     49.00	D
202400326	 0.00	   DT	      0.00	DT
202400333	33.10	   32	     66.00	B
202400340	24.70	   19	     44.00	E
202400341	30.40	   25	     56.00	C
202400351	23.80	 26.5	     51.00	D
202400374	21.80	 17.5	     40.00	E
202400381	39.50	 36.5	     76.00	A
202400385	38.30	 35.5	     74.00	B
202400416	36.10	   26	     63.00	C
202400443	29.40	 37.5	     67.00	B
202400462	19.80	 25.5	     46.00	D
202400467	29.50	 29.5	     59.00	C
202400470	38.70	 34.5	     74.00	B
202400474	31.90	 34.5	     67.00	B
202400480	23.20	   21	     45.00	D
202400497	22.30	 22.5	     45.00	D
202400500	27.70	 28.5	     57.00	C
202400504	21.70	   11	     33.00	F
202400507	31.20	 35.5	     67.00	B
202400510	27.30	 27.5	     55.00	C
202400513	 0.00	   AB	      0.00	I
202400519	32.50	   30	     63.00	C
202400523	35.00	   40	     75.00	A
202400535	20.90	   23	     44.00	E
202400537	21.10	22.25	     44.00	E
202400538	30.20	   35	     66.00	B
202400543	30.60	 33.5	     65.00	B
202400553	19.00	 25.5	     45.00	D
202400560	16.80	   AB	      0.00	I
202400712	32.60	 25.5	     59.00	C
202400759	27.60	 26.5	     55.00	C
202400765	38.40	   31	     70.00	B
202541503	22.40	 17.5	     40.00	E
202300282	 0.00	   DT	      0.00	DT


NOTE: IF UM<35 (35 Percent out of 100 Marks ) and Total <35 (35 Percent out of 100 Marks),then Theory Subject Grade is F

Mean = 57.703705		SD = 12.226833
Lower cut off for E = 35.000000
Lower cut off for S = 85.000000
Step size = 10.000000
Lower cut off for D = 45.000000
Lower cut off for C = 55.000000
Lower cut off for B = 65.000000
Lower cut off for A = 75.000000
No. of Absentees = 3
No. of Malpractices = 0
No. of Detentions = 2
No. of NA = 0
No. of students appeared = 54

Abbreviations : INT = IN SEM marks, UM : END SEM marks.

		SIKKIM MANIPAL UNIVERSITY 

		GRADE SHEET - MAY/JUNE 2026 EXAMINATIONS.  

Subject Code  : CD207A3		REFCODE(AIDS410)
Subject Title : PROGRAMMING IN JAVA (ELECTIVE II) (CD207A3)
Subject Credit : 4.0 

REGNO		INT	   UM		TOT	GRADE
202200217	 6.00	   AB	      0.00	I
202400007	33.90	   30	     64.00	C
202400021	34.90	   29	     64.00	C
202400029	22.00	   MP	      0.00	MP
202400034	28.80	   30	     59.00	C
202400052	27.50	26.25	     54.00	D
202400102	23.10	  7.5	     31.00	F
202400113	26.40	   18	     45.00	D
202400130	16.80	   20	     37.00	E
202400168	27.80	26.25	     55.00	C
202400195	38.20	 37.5	     76.00	A
202400198	30.90	27.75	     59.00	C
202400240	28.70	   28	     57.00	C
202400241	25.40	 23.5	     49.00	D
202400246	29.80	   26	     56.00	C
202400250	30.60	 27.5	     59.00	C
202400262	33.10	   21	     55.00	C
202400264	26.40	   25	     52.00	D
202400265	27.60	27.25	     55.00	C
202400289	30.20	20.25	     51.00	D
202400303	41.00	 44.5	     86.00	S
202400311	27.80	   25	     53.00	D
202400313	28.80	   21	     50.00	D
202400314	31.10	30.25	     62.00	C
202400324	33.20	 30.5	     64.00	C
202400326	 0.00	   DT	      0.00	DT
202400333	36.20	 33.5	     70.00	B
202400340	22.10	 19.5	     42.00	E
202400341	20.40	   20	     41.00	E
202400351	26.10	   25	     52.00	D
202400374	14.50	   13	     28.00	F
202400381	41.20	34.25	     76.00	A
202400385	31.50	   41	     73.00	B
202400416	31.40	   30	     62.00	C
202400443	28.20	27.25	     56.00	C
202400462	27.30	12.25	     40.00	F
202400467	29.30	 30.5	     60.00	C
202400470	30.80	   25	     56.00	C
202400474	32.40	31.75	     65.00	B
202400480	19.70	   20	     40.00	E
202400497	18.20	10.25	     29.00	F
202400500	34.80	   31	     66.00	B
202400504	21.90	 17.5	     40.00	E
202400507	22.20	 17.5	     40.00	E
202400510	25.30	   20	     46.00	D
202400513	 0.00	   DT	      0.00	DT
202400519	32.30	   25	     58.00	C
202400523	37.00	   33	     70.00	B
202400535	25.20	   20	     46.00	D
202400537	16.50	22.25	     39.00	E
202400538	26.40	34.75	     62.00	C
202400543	18.30	   23	     42.00	E
202400553	17.80	10.75	     29.00	F
202400560	27.50	 26.5	     54.00	D
202400712	35.10	   32	     68.00	B
202400759	26.90	 30.5	     58.00	C
202400765	32.90	   33	     66.00	B
202541503	27.20	   19	     47.00	D
202300282	 0.00	   DT	      0.00	DT


NOTE: IF UM<35 (35 Percent out of 100 Marks ) and Total <35 (35 Percent out of 100 Marks),then Theory Subject Grade is F

Mean = 53.962963		SD = 12.779645
Lower cut off for E = 35.000000
Lower cut off for S = 85.000000
Step size = 10.000000
Lower cut off for D = 45.000000
Lower cut off for C = 55.000000
Lower cut off for B = 65.000000
Lower cut off for A = 75.000000
No. of Absentees = 1
No. of Malpractices = 1
No. of Detentions = 3
No. of NA = 0
No. of students appeared = 54

Abbreviations : INT = IN SEM marks, UM : END SEM marks.

		SIKKIM MANIPAL UNIVERSITY 

		GRADE SHEET - MAY/JUNE 2026 EXAMINATIONS.  

Subject Code  : GN201B1		refcode(CSE406)
Subject Title : UNIVERSAL HUMAN VALUE II (GN201B1)
Subject Credit : 3.0 

REGNO		INT	   UM		TOT	GRADE
202300145	 0.00	   DT	      0.00	DT
202300270	18.80	 17.5	     36.00	E
202400006	31.40	 31.5	     63.00	C
202400013	22.30	   34	     57.00	C
202400015	30.10	   39	     70.00	B
202400023	26.20	 24.5	     51.00	D
202400024	31.50	 33.5	     65.00	B
202400026	24.30	   33	     58.00	C
202400027	36.40	   43	     80.00	A
202400032	35.60	 32.5	     69.00	B
202400042	37.80	 39.5	     78.00	A
202400048	31.90	 38.5	     71.00	B
202400050	26.40	   33	     60.00	C
202400051	30.70	   33	     64.00	C
202400060	31.40	   25	     57.00	C
202400063	29.00	 30.5	     60.00	C
202400067	 0.00	   DT	      0.00	DT
202400079	32.63	 38.5	     72.00	B
202400084	33.30	   35	     69.00	B
202400087	33.40	   MP	      0.00	MP
202400092	25.00	   AB	      0.00	I
202400099	31.00	   32	     63.00	C
202400104	34.60	   36	     71.00	B
202400105	32.00	 35.5	     68.00	B
202400108	31.50	 36.5	     68.00	B
202400109	39.60	 48.5	     89.00	S
202400111	34.67	 41.5	     77.00	A
202400117	37.92	   39	     77.00	A
202400123	32.75	 33.5	     67.00	B
202400126	31.00	   27	     58.00	C
202400137	31.50	 36.5	     68.00	B
202400150	28.50	 29.5	     58.00	C
202400161	37.45	 35.5	     73.00	B
202400162	30.00	 31.5	     62.00	C
202400164	37.00	   41	     78.00	A
202400173	30.00	 33.5	     64.00	C
202400175	35.10	   31	     67.00	B
202400178	28.00	 31.5	     60.00	C
202400179	25.00	 24.5	     50.00	D
202400180	34.00	 35.5	     70.00	B
202400183	31.00	 25.5	     57.00	C
202400187	25.50	   24	     50.00	D
202400191	29.00	   28	     57.00	C
202400203	29.50	 30.5	     60.00	C
202400204	25.00	   26	     51.00	D
202400210	28.50	 34.5	     63.00	C
202400211	33.00	   26	     59.00	C
202400212	33.50	 31.5	     65.00	B
202400214	33.50	 42.5	     76.00	A
202400217	34.00	   45	     79.00	A
202400230	26.50	   24	     51.00	D
202400232	30.50	 36.5	     67.00	B
202400233	35.45	   35	     71.00	B
202400237	22.30	   AB	      0.00	I
202400239	33.50	 31.5	     65.00	B
202400243	40.90	 46.5	     88.00	S
202400245	32.40	   35	     68.00	B
202400249	33.10	 29.5	     63.00	C
202400254	37.50	   33	     71.00	B
202400256	35.70	 34.5	     71.00	B
202400260	31.20	 30.5	     62.00	C
202400261	29.10	   28	     58.00	C
202400263	24.50	 27.5	     52.00	D
202400266	35.50	 35.5	     71.00	B
202400267	36.70	   25	     62.00	C
202400268	37.00	   30	     67.00	B
202400276	26.30	   35	     62.00	C
202400277	30.30	   31	     62.00	C
202400282	24.90	   36	     61.00	C
202400284	27.00	 31.5	     59.00	C
202400288	29.30	   32	     62.00	C
202400293	29.30	 37.5	     67.00	B
202400301	22.50	 24.5	     47.00	D
202400316	31.30	 29.5	     61.00	C
202400319	19.30	   15	     35.00	F
202400329	28.50	   27	     56.00	C
202400334	 0.00	   DT	      0.00	DT
202400335	24.50	 31.5	     56.00	C
202400345	26.30	   27	     54.00	D
202400347	26.20	 30.5	     57.00	C
202400348	22.20	   33	     56.00	C
202400349	29.90	 32.5	     63.00	C
202400354	40.50	 42.5	     83.00	A
202400359	27.70	   25	     53.00	D
202400365	32.70	 28.5	     62.00	C
202400368	31.40	 33.5	     65.00	B
202400373	32.40	 33.5	     66.00	B
202400375	31.70	   36	     68.00	B
202400376	31.60	 25.5	     58.00	C
202400377	37.60	 36.5	     75.00	A
202400378	30.60	   30	     61.00	C
202400382	29.90	 39.5	     70.00	B
202400387	21.20	   24	     46.00	D
202400391	27.70	 25.5	     54.00	D
202400401	29.60	 28.5	     59.00	C
202400404	39.10	 33.5	     73.00	B
202400406	41.40	   41	     83.00	A
202400411	29.80	 28.5	     59.00	C
202400412	23.90	   24	     48.00	D
202400420	29.50	 24.5	     54.00	D
202400429	28.00	   35	     63.00	C
202400430	32.20	 25.5	     58.00	C
202400431	28.80	   30	     59.00	C
202400433	34.90	 36.5	     72.00	B
202400436	28.70	   30	     59.00	C
202400438	32.30	   38	     71.00	B
202400444	30.80	   30	     61.00	C
202400446	37.40	 44.5	     82.00	A
202400449	35.40	   35	     71.00	B
202400453	25.50	 30.5	     56.00	C
202400454	30.10	   28	     59.00	C
202400459	31.40	   36	     68.00	B
202400463	23.50	 19.5	     43.00	E
202400464	25.10	 20.5	     46.00	D
202400468	31.83	 29.5	     62.00	C
202400484	20.83	 17.5	     39.00	E
202400486	37.40	   32	     70.00	B
202400487	34.27	   30	     65.00	B
202400494	29.73	 30.5	     61.00	C
202400498	33.40	   37	     71.00	B
202400502	34.43	   30	     65.00	B
202400511	28.30	   21	     50.00	D
202400514	30.87	 33.5	     65.00	B
202400515	29.40	   20	     50.00	D
202400517	25.80	   32	     58.00	C
202400518	23.20	   32	     56.00	C
202400522	30.40	 12.5	     43.00	F
202400526	35.17	 34.5	     70.00	B
202400527	31.83	 29.5	     62.00	C
202400529	30.53	   33	     64.00	C
202400531	39.63	   42	     82.00	A
202400539	36.00	 38.5	     75.00	A
202400541	27.67	 32.5	     61.00	C
202400542	33.80	 39.5	     74.00	B
202400546	39.20	   40	     80.00	A
202400547	33.92	 33.5	     68.00	B
202400550	31.10	   35	     67.00	B
202400551	32.60	   33	     66.00	B
202400552	33.90	   27	     61.00	C
202400558	30.87	   36	     67.00	B
202400562	32.50	 26.5	     59.00	C
202400565	29.20	   21	     51.00	D
202400568	29.63	 31.5	     62.00	C
202400569	35.73	 34.5	     71.00	B
202400576	28.30	 25.5	     54.00	D
202400703	40.70	   37	     78.00	A
202400706	32.63	   43	     76.00	A
202400710	24.23	 27.5	     52.00	D
202400715	34.93	   29	     64.00	C
202400716	38.53	   38	     77.00	A
202400720	27.93	   30	     58.00	C
202400722	34.90	   30	     65.00	B
202400725	24.77	   27	     52.00	D
202400726	31.03	   34	     66.00	B
202400729	26.20	 27.5	     54.00	D
202400731	28.42	   28	     57.00	C
202400733	36.47	   42	     79.00	A
202400737	39.23	 36.5	     76.00	A
202400739	31.07	   27	     59.00	C
202400741	28.47	   21	     50.00	D
202400744	32.33	 38.5	     71.00	B
202400745	32.70	 22.5	     56.00	C
202400749	27.63	   27	     55.00	C
202400751	40.40	   MP	      0.00	MP
202400752	35.47	   AB	      0.00	I
202400753	31.40	 15.5	     47.00	F
202400755	28.50	 28.5	     57.00	C
202400756	29.33	 31.5	     61.00	C
202400760	29.87	 25.5	     56.00	C
202400762	32.10	 30.5	     63.00	C
202400764	37.17	   31	     69.00	B
202400768	36.10	   32	     69.00	B
202400769	31.77	   30	     62.00	C
202511501	32.00	   28	     60.00	C
202511504	26.00	   27	     53.00	D
202511505	26.20	 27.5	     54.00	D
202511542	29.53	   41	     71.00	B
202511545	27.00	 43.5	     71.00	B
202300534	 0.00	   DT	      0.00	DT
202300586	35.40	 35.5	     71.00	B
202300639	 0.00	   DT	      0.00	DT
202400001	27.90	   30	     58.00	C
202400005	23.60	   25	     49.00	D
202400018	34.00	   38	     72.00	B
202400020	38.10	 33.5	     72.00	B
202400033	37.60	 28.5	     67.00	B
202400044	28.80	 29.5	     59.00	C
202400045	33.60	 35.5	     70.00	B
202400056	34.90	 35.5	     71.00	B
202400074	35.70	 32.5	     69.00	B
202400076	20.70	   AB	      0.00	I
202400077	27.10	 23.5	     51.00	D
202400096	30.90	   28	     59.00	C
202400120	29.70	 31.5	     62.00	C
202400127	39.30	   38	     78.00	A
202400132	34.30	 34.5	     69.00	B
202400136	 0.00	   DT	      0.00	DT
202400138	34.00	 30.5	     65.00	B
202400181	35.30	   45	     81.00	A
202400186	30.10	   30	     61.00	C
202400193	34.00	   31	     65.00	B
202400201	36.10	   27	     64.00	C
202400219	16.30	   19	     36.00	E
202400223	37.30	   36	     74.00	B
202400234	31.50	   25	     57.00	C
202400251	34.90	 39.5	     75.00	A
202400258	32.70	 26.5	     60.00	C
202400269	29.80	 28.5	     59.00	C
202400271	32.00	   30	     62.00	C
202400291	32.50	   38	     71.00	B
202400297	29.80	 30.5	     61.00	C
202400302	39.50	 38.5	     78.00	A
202400309	27.80	 21.5	     50.00	D
202400318	31.80	   30	     62.00	C
202400338	 0.00	   DT	      0.00	DT
202400344	19.00	   19	     38.00	E
202400350	40.60	 37.5	     79.00	A
202400355	32.10	   30	     63.00	C
202400372	33.40	 33.5	     67.00	B
202400390	23.70	   27	     51.00	D
202400400	27.90	 24.5	     53.00	D
202400405	27.80	 26.5	     55.00	C
202400407	36.90	 36.5	     74.00	B
202400408	27.80	 24.5	     53.00	D
202400410	40.00	 41.5	     82.00	A
202400417	38.30	 35.5	     74.00	B
202400419	24.50	 21.5	     46.00	D
202400421	35.90	 38.5	     75.00	A
202400427	24.30	 20.5	     45.00	D
202400441	26.40	   27	     54.00	D
202400451	28.80	 31.5	     61.00	C
202400456	30.80	 34.5	     66.00	B
202400488	31.20	   30	     62.00	C
202400493	28.20	   21	     50.00	D
202400508	23.00	 12.5	     36.00	F
202400512	20.70	 34.5	     56.00	C
202400533	27.30	   30	     58.00	C
202400548	23.10	   30	     54.00	D
202400701	24.20	 32.5	     57.00	C
202400709	29.00	 31.5	     61.00	C
202400717	25.40	   23	     49.00	D
202400718	31.30	   33	     65.00	B
202400719	34.50	   34	     69.00	B
202400730	34.60	 23.5	     59.00	C
202400734	28.10	   28	     57.00	C
202400736	23.70	   24	     48.00	D
202400738	22.40	   24	     47.00	D
202400740	29.70	 23.5	     54.00	D
202400763	37.50	 28.5	     66.00	B
202543501	33.20	 35.5	     69.00	B
202543503	 0.00	   DT	      0.00	DT
202543508	28.10	 28.5	     57.00	C
202543509	27.80	   22	     50.00	D
202300439	 0.00	   AB	      0.00	I
202400009	32.97	 30.5	     64.00	C
202400065	35.57	   29	     65.00	B
202400101	23.47	 23.5	     47.00	D
202400118	34.63	 31.5	     67.00	B
202400141	25.67	 20.5	     47.00	D
202400177	31.03	   35	     67.00	B
202400235	34.80	 33.5	     69.00	B
202400252	30.83	   29	     60.00	C
202400272	26.30	   30	     57.00	C
202400274	29.60	 27.5	     58.00	C
202400279	29.20	   30	     60.00	C
202400304	30.80	   31	     62.00	C
202400320	20.37	 22.5	     43.00	E
202400325	31.57	   31	     63.00	C
202400327	34.30	 35.5	     70.00	B
202400343	27.67	   28	     56.00	C
202400380	32.23	 32.5	     65.00	B
202400445	33.80	   32	     66.00	B
202400564	29.27	 25.5	     55.00	C
202400705	24.47	   21	     46.00	D
202542501	17.17	   19	     37.00	E
202542502	18.70	 14.5	     34.00	F
202542503	21.73	 19.5	     42.00	E
202542504	22.50	 15.5	     38.00	F
202542505	27.30	   23	     51.00	D
202300174	34.87	 30.5	     66.00	B
202400031	32.10	   37	     70.00	B
202400295	29.50	 29.5	     59.00	C
202400366	37.70	 38.5	     77.00	A
202400473	31.40	   35	     67.00	B
202400700	33.45	 32.5	     66.00	B
202512501	30.40	 30.5	     61.00	C
202512512	24.70	 20.5	     46.00	D
202412508	 0.00	   DT	      0.00	DT
202400022	21.20	   12	     34.00	F
202400086	36.80	   31	     68.00	B
202400119	35.30	 33.5	     69.00	B
202400129	35.10	 42.5	     78.00	A
202400192	31.50	 31.5	     63.00	C
202400200	30.70	 23.5	     55.00	C
202400280	34.60	   38	     73.00	B
202400317	29.60	   25	     55.00	C
202513502	27.30	   24	     52.00	D
202513503	28.40	   28	     57.00	C
202513504	34.60	   34	     69.00	B
202513513	24.30	 23.5	     48.00	D
202513514	31.90	 23.5	     56.00	C
202513515	25.10	   28	     54.00	D
202513516	33.30	 27.5	     61.00	C
202513517	36.30	 32.5	     69.00	B
202513518	19.80	   20	     40.00	E
202400221	35.70	   36	     72.00	B
202400530	32.50	   20	     53.00	D
202400566	30.10	   27	     58.00	C
202400574	33.50	 33.5	     67.00	B
202400091	31.95	 25.5	     58.00	C
202400134	35.05	   38	     74.00	B
202400238	28.85	   22	     51.00	D
202400477	36.00	 32.5	     69.00	B
202400491	33.10	 25.5	     59.00	C
202400495	40.85	 34.5	     76.00	A
202400525	33.35	 24.5	     58.00	C
202515501	35.60	   31	     67.00	B
202515502	29.20	 24.5	     54.00	D
202515531	29.50	  3.5	     33.00	F
202515532	40.40	 33.5	     74.00	B
202515533	32.45	 16.5	     49.00	F
202515534	34.00	 27.5	     62.00	C
202515535	27.45	 24.5	     52.00	D
202515536	32.30	   33	     66.00	B
202515537	31.00	 34.5	     66.00	B
202200191	 0.00	   DT	      0.00	DT
202200229	22.85	   17	     40.00	F
202300433	28.85	   24	     53.00	D
202400025	29.40	   33	     63.00	C
202400054	27.55	   20	     48.00	D
202400081	33.10	   26	     60.00	C
202400097	22.60	 17.5	     41.00	E
202400110	27.40	 24.5	     52.00	D
202400128	39.05	 40.5	     80.00	A
202400190	23.75	   20	     44.00	E
202400206	25.55	 21.5	     48.00	D
202400278	32.30	 26.5	     59.00	C
202400286	20.70	   19	     40.00	E
202400305	26.80	 24.5	     52.00	D
202400315	18.60	 21.5	     41.00	E
202400379	30.70	   35	     66.00	B
202400394	33.10	   24	     58.00	C
202400395	33.65	   32	     66.00	B
202400396	33.70	   32	     66.00	B
202400397	22.85	    6	     29.00	F
202400413	29.25	   25	     55.00	C
202400424	34.00	 35.5	     70.00	B
202400460	35.50	 37.5	     73.00	B
202400490	28.85	 28.5	     58.00	C
202400496	24.20	   26	     51.00	D
202400509	28.75	   25	     54.00	D
202400534	26.55	 21.5	     49.00	D
202400570	35.20	   34	     70.00	B
202518501	21.15	 27.5	     49.00	D
202518502	28.50	   18	     47.00	D
202518503	28.70	   25	     54.00	D
202518504	17.85	   AB	      0.00	I
202518505	24.80	 14.5	     40.00	F
202518506	25.50	 26.5	     52.00	D
202518507	31.10	   24	     56.00	C
202518508	 0.00	   DT	      0.00	DT
202518509	24.65	 21.5	     47.00	D
202518510	28.90	 25.5	     55.00	C
202518511	32.55	   29	     62.00	C
202518512	26.15	 33.5	     60.00	C
202518513	12.75	   AB	      0.00	I
202518514	 0.00	   DT	      0.00	DT
202518521	29.35	 26.5	     56.00	C
202518522	13.75	 20.5	     35.00	E
202518523	29.15	 30.5	     60.00	C
202518524	23.60	   27	     51.00	D
202518525	21.15	 19.5	     41.00	E
202518526	19.50	   23	     43.00	E
202300049	 0.00	   AB	      0.00	I
202200217	24.10	   13	     38.00	F
202400007	30.90	 25.5	     57.00	C
202400021	33.00	   31	     64.00	C
202400029	28.50	 26.5	     55.00	C
202400034	34.50	 30.5	     65.00	B
202400052	40.20	   38	     79.00	A
202400102	37.10	   27	     65.00	B
202400113	39.00	 36.5	     76.00	A
202400130	32.80	   31	     64.00	C
202400168	38.70	   31	     70.00	B
202400195	40.20	 44.5	     85.00	S
202400198	37.80	   35	     73.00	B
202400240	37.10	   40	     78.00	A
202400241	29.60	 23.5	     54.00	D
202400246	33.60	   34	     68.00	B
202400250	34.60	 29.5	     65.00	B
202400262	32.50	 31.5	     64.00	C
202400264	40.30	   37	     78.00	A
202400265	37.50	   23	     61.00	C
202400289	34.90	 31.5	     67.00	B
202400303	42.00	   43	     85.00	S
202400311	35.10	   32	     68.00	B
202400313	30.20	   24	     55.00	C
202400314	37.30	 31.5	     69.00	B
202400324	35.10	 29.5	     65.00	B
202400326	 0.00	   DT	      0.00	DT
202400333	33.40	   35	     69.00	B
202400340	28.30	   24	     53.00	D
202400341	31.40	 20.5	     52.00	D
202400351	28.10	   24	     53.00	D
202400374	30.70	 16.5	     48.00	F
202400381	36.20	 35.5	     72.00	B
202400385	40.60	 36.5	     78.00	A
202400416	37.70	   36	     74.00	B
202400443	34.20	   32	     67.00	B
202400462	29.30	   28	     58.00	C
202400467	37.40	   36	     74.00	B
202400470	42.70	   34	     77.00	A
202400474	40.80	 41.5	     83.00	A
202400480	34.50	   26	     61.00	C
202400497	34.00	   26	     60.00	C
202400500	28.60	   19	     48.00	D
202400504	35.10	   37	     73.00	B
202400507	38.70	   36	     75.00	A
202400510	36.10	 29.5	     66.00	B
202400513	 0.00	   DT	      0.00	DT
202400519	34.30	   32	     67.00	B
202400523	42.00	 36.5	     79.00	A
202400535	34.20	 27.5	     62.00	C
202400537	31.40	 33.5	     65.00	B
202400538	39.50	 38.5	     78.00	A
202400543	34.80	   27	     62.00	C
202400553	34.40	 25.5	     60.00	C
202400560	35.70	   39	     75.00	A
202400712	30.50	 22.5	     53.00	D
202400759	30.50	 30.5	     61.00	C
202400765	42.60	 35.5	     79.00	A
202541503	26.40	 24.5	     51.00	D
202400008	33.50	   27	     61.00	C
202400563	30.25	 21.5	     52.00	D
202400167	34.90	   36	     71.00	B
202400169	23.60	   AB	      0.00	I
202400170	25.40	 23.5	     49.00	D
202400174	30.40	 24.5	     55.00	C
202400255	30.90	 26.5	     58.00	C
202400358	38.00	 40.5	     79.00	A
202400384	34.80	   30	     65.00	B
202400389	21.30	   19	     41.00	E
202400392	19.50	 23.5	     43.00	E
202400393	30.20	   26	     57.00	C
202400398	32.30	   30	     63.00	C
202400505	43.70	 40.5	     85.00	S
202400754	21.30	 21.5	     43.00	E
202400761	25.30	 28.5	     54.00	D
202545501	28.40	   AB	      0.00	I


NOTE: IF UM<35 (35 Percent out of 100 Marks ) and Total <35 (35 Percent out of 100 Marks),then Theory Subject Grade is F

Mean = 61.286053		SD = 10.904193
Lower cut off for E = 35.000000
Lower cut off for S = 85.000000
Step size = 10.000000
Lower cut off for D = 45.000000
Lower cut off for C = 55.000000
Lower cut off for B = 65.000000
Lower cut off for A = 75.000000
No. of Absentees = 10
No. of Malpractices = 2
No. of Detentions = 14
No. of NA = 0
No. of students appeared = 423

Abbreviations : INT = IN SEM marks, UM : END SEM marks.

		SIKKIM MANIPAL UNIVERSITY 

		GRADE SHEET - MAY/JUNE 2026 EXAMINATIONS.  

Subject Code  : CD202A5		REFCODE(AIDS409)
Subject Title : PROJECT BASED LEARNING II (CD202A5)
Subject Credit : 1.0 

REGNO		INT	   UM		TOT	GRADE
202200217	26.70	   AB	      0.00	I
202400007	32.70	   27	     60.00	D
202400021	33.30	   32	     66.00	C
202400029	32.40	   30	     63.00	D
202400034	36.30	   36	     73.00	B
202400052	27.10	 29.5	     57.00	D
202400102	35.20	 28.7	     64.00	C
202400113	29.80	 30.3	     61.00	D
202400130	26.70	 29.5	     57.00	D
202400168	33.30	   31	     65.00	C
202400195	39.60	 39.8	     80.00	A
202400198	34.10	   30	     65.00	C
202400240	31.90	 32.8	     65.00	C
202400241	31.60	   33	     65.00	C
202400246	29.70	   33	     63.00	D
202400250	31.10	   30	     62.00	D
202400262	37.20	   31	     69.00	C
202400264	37.60	   31	     69.00	C
202400265	30.60	   31	     62.00	D
202400289	36.00	 36.5	     73.00	B
202400303	39.80	   38	     78.00	A
202400311	31.30	   28	     60.00	D
202400313	26.70	   AB	      0.00	I
202400314	31.40	 29.7	     62.00	D
202400324	39.60	   39	     79.00	A
202400326	 0.00	   AB	      0.00	I
202400333	37.20	 36.3	     74.00	B
202400340	31.90	   29	     61.00	D
202400341	31.10	   30	     62.00	D
202400351	30.60	 28.3	     59.00	D
202400374	27.80	   AB	      0.00	I
202400381	34.80	   33	     68.00	C
202400385	39.80	 35.3	     76.00	B
202400416	35.70	 34.3	     70.00	C
202400443	34.90	 28.7	     64.00	C
202400462	31.10	 31.5	     63.00	D
202400467	30.30	 29.7	     60.00	D
202400470	39.40	 34.8	     75.00	B
202400474	37.80	 32.7	     71.00	B
202400480	33.90	   30	     64.00	C
202400497	31.40	 28.3	     60.00	D
202400500	34.40	   31	     66.00	C
202400504	34.50	 36.3	     71.00	B
202400507	30.30	 28.7	     59.00	D
202400510	37.10	 34.5	     72.00	B
202400513	 0.00	   AB	      0.00	I
202400519	31.80	 32.8	     65.00	C
202400523	38.50	 33.5	     72.00	B
202400535	36.30	 33.5	     70.00	C
202400537	31.10	   33	     65.00	C
202400538	37.80	 35.3	     74.00	B
202400543	32.80	   30	     63.00	D
202400553	26.10	   25	     52.00	E
202400560	28.90	   AB	      0.00	I
202400712	34.50	   35	     70.00	C
202400759	34.60	32.66	     68.00	C
202400765	36.90	   33	     70.00	C
202541503	30.60	   32	     63.00	D

Mean = 66.250000		SD = 6.106490
Lower cut off for E = 50.000000
Lower cut off for S = 85.000000
Step size = 7.000000
Lower cut off for D = 57.000000
Lower cut off for C = 64.000000
Lower cut off for B = 71.000000
Lower cut off for A = 78.000000
No. of Absentees = 6
No. of Malpractices = 0
No. of Detentions = 0
No. of NA = 0
No. of students appeared = 52

Abbreviations : INT = IN SEM marks, UM : END SEM marks.

		SIKKIM MANIPAL UNIVERSITY 

		GRADE SHEET - MAY/JUNE 2026 EXAMINATIONS.  

Subject Code  : MA206B1	(CSE/AIML/CSIC/IT/CST/AIDS)		(REF CODE:CSE401)
Subject Title : PROBABILITY, STATISTICS AND STOCHASTIC PROCESSES 
Subject Credit : 4.0 

REGNO		INT	   UM		TOT	GRADE
202300145	 6.20	   AB	      0.00	I
202300270	16.50	  3.5	     20.00	F
202400006	14.00	    7	     21.00	F
202400013	17.00	   34	     51.00	D
202400015	45.20	 37.5	     83.00	A
202400023	21.60	 11.5	     34.00	F
202400024	28.20	   21	     50.00	D
202400026	18.60	  5.5	     25.00	F
202400027	39.10	   37	     77.00	A
202400032	35.10	 37.5	     73.00	B
202400042	36.20	   31	     68.00	B
202400048	27.00	   26	     53.00	D
202400050	30.30	 17.5	     48.00	D
202400051	30.00	 17.5	     48.00	D
202400060	14.00	  6.5	     21.00	F
202400063	20.20	 26.5	     47.00	D
202400067	 0.00	   DT	      0.00	DT
202400079	39.50	 32.5	     72.00	B
202400084	34.70	   39	     74.00	B
202400087	42.60	 35.5	     79.00	A
202400092	23.00	 10.5	     34.00	F
202400099	33.60	   18	     52.00	D
202400104	43.50	   43	     87.00	S
202400105	40.60	 28.5	     70.00	B
202400108	39.00	 32.5	     72.00	B
202400109	43.50	 36.5	     80.00	A
202400111	34.60	 35.5	     71.00	B
202400117	40.60	   36	     77.00	A
202400123	33.40	 17.5	     51.00	D
202400126	25.00	   19	     44.00	E
202400137	36.00	   23	     59.00	C
202400150	29.90	   23	     53.00	D
202400161	34.80	 28.5	     64.00	C
202400162	23.20	   19	     43.00	E
202400164	39.40	   33	     73.00	B
202400173	29.90	 29.5	     60.00	C
202400175	19.20	    9	     29.00	F
202400178	33.50	 24.5	     58.00	C
202400179	15.10	    7	     23.00	F
202400180	32.70	 25.5	     59.00	C
202400183	26.30	 17.5	     44.00	E
202400187	28.40	  9.5	     38.00	F
202400191	20.70	 19.5	     41.00	E
202400203	44.20	   40	     85.00	S
202400204	20.10	   19	     40.00	E
202400210	29.90	 41.5	     72.00	B
202400211	28.40	 27.5	     56.00	C
202400212	25.90	 23.5	     50.00	D
202400214	49.50	   42	     92.00	S
202400217	24.20	   19	     44.00	E
202400230	45.70	   40	     86.00	S
202400232	21.30	 19.5	     41.00	E
202400233	41.90	 24.5	     67.00	B
202400237	41.40	   45	     87.00	S
202400239	20.70	 23.5	     45.00	D
202400243	43.40	 36.5	     80.00	A
202400245	46.90	   41	     88.00	S
202400249	36.90	   28	     65.00	B
202400254	44.00	   36	     80.00	A
202400256	43.50	   41	     85.00	S
202400260	21.20	 18.5	     40.00	E
202400261	33.50	 25.5	     59.00	C
202400263	23.40	 17.5	     41.00	E
202400266	37.30	   34	     72.00	B
202400267	47.80	 39.5	     88.00	S
202400268	41.90	   42	     84.00	A
202400276	17.00	    5	     22.00	F
202400277	18.90	   19	     38.00	E
202400282	24.60	   21	     46.00	D
202400284	23.50	  7.5	     31.00	F
202400288	33.30	 24.5	     58.00	C
202400293	41.20	   31	     73.00	B
202400301	16.50	  6.5	     23.00	F
202400316	38.70	   25	     64.00	C
202400319	 0.00	   DT	      0.00	DT
202400329	23.90	   21	     45.00	D
202400334	 0.00	   DT	      0.00	DT
202400335	14.40	 21.5	     36.00	E
202400345	35.20	 26.5	     62.00	C
202400347	28.50	   22	     51.00	D
202400348	14.20	 10.5	     25.00	F
202400349	12.20	  8.5	     21.00	F
202400354	47.00	 41.5	     89.00	S
202400359	22.40	    8	     31.00	F
202400365	15.70	    6	     22.00	F
202400368	38.60	   25	     64.00	C
202400373	41.00	 39.5	     81.00	A
202400375	46.30	   39	     86.00	S
202400376	26.00	   22	     48.00	D
202400377	43.40	 35.5	     79.00	A
202400378	42.90	  1.5	     45.00	F
202400382	14.80	   11	     26.00	F
202400387	12.30	    7	     20.00	F
202400391	18.20	    8	     27.00	F
202400401	30.00	  3.5	     34.00	F
202400404	31.35	   40	     72.00	B
202400406	45.70	 44.5	     91.00	S
202400411	28.20	  9.5	     38.00	F
202400412	19.20	    7	     27.00	F
202400420	20.20	 17.5	     38.00	E
202400429	35.20	   24	     60.00	C
202400430	37.60	 19.5	     58.00	C
202400431	10.80	  4.5	     16.00	F
202400433	33.00	  9.5	     43.00	F
202400436	14.40	   12	     27.00	F
202400438	38.90	   35	     74.00	B
202400444	25.20	   18	     44.00	E
202400446	40.10	 41.5	     82.00	A
202400449	27.00	   22	     49.00	D
202400453	26.30	    9	     36.00	F
202400454	25.30	   25	     51.00	D
202400459	35.00	 17.5	     53.00	D
202400463	20.00	 17.5	     38.00	E
202400464	12.20	  7.5	     20.00	F
202400468	40.40	 42.5	     83.00	A
202400484	 0.00	   DT	      0.00	DT
202400486	42.60	   31	     74.00	B
202400487	32.80	   38	     71.00	B
202400494	27.40	 25.5	     53.00	D
202400498	24.70	   27	     52.00	D
202400502	31.20	 21.5	     53.00	D
202400511	21.40	   10	     32.00	F
202400514	31.60	   30	     62.00	C
202400515	17.10	   18	     36.00	E
202400517	23.80	   AB	      0.00	I
202400518	31.60	   24	     56.00	C
202400522	37.50	 27.5	     65.00	B
202400526	34.40	 17.5	     52.00	D
202400527	28.40	   20	     49.00	D
202400529	26.10	 17.5	     44.00	E
202400531	40.00	   41	     81.00	A
202400539	22.90	   22	     45.00	D
202400541	19.00	   20	     39.00	E
202400542	36.50	   37	     74.00	B
202400546	44.40	   44	     89.00	S
202400547	22.30	   10	     33.00	F
202400550	32.60	 23.5	     57.00	C
202400551	30.00	 17.5	     48.00	D
202400552	22.00	   25	     47.00	D
202400558	25.00	   25	     50.00	D
202400562	18.40	 17.5	     36.00	E
202400565	35.00	   38	     73.00	B
202400568	23.50	 31.5	     55.00	C
202400569	20.50	   24	     45.00	D
202400576	22.20	   MP	      0.00	MP
202400703	31.20	 21.5	     53.00	D
202400706	38.40	 31.5	     70.00	B
202400710	33.70	 11.5	     46.00	F
202400715	40.60	 41.5	     83.00	A
202400716	37.40	   37	     75.00	A
202400720	35.00	 33.5	     69.00	B
202400722	38.00	   37	     75.00	A
202400725	29.00	 31.5	     61.00	C
202400726	33.60	   27	     61.00	C
202400729	29.10	  7.5	     37.00	F
202400731	29.40	 25.5	     55.00	C
202400733	42.80	 47.5	     91.00	S
202400737	36.80	 31.5	     69.00	B
202400739	32.00	   19	     51.00	D
202400741	36.60	   37	     74.00	B
202400744	39.30	   38	     78.00	A
202400745	27.10	   19	     47.00	D
202400749	21.50	   19	     41.00	E
202400751	39.80	   24	     64.00	C
202400752	29.80	   AB	      0.00	I
202400753	24.10	 28.5	     53.00	D
202400755	22.30	 17.5	     40.00	E
202400756	23.50	   19	     43.00	E
202400760	23.50	    6	     30.00	F
202400762	17.70	 24.5	     43.00	E
202400764	36.80	   28	     65.00	B
202400768	19.50	   18	     38.00	E
202400769	18.40	 18.5	     37.00	E
202511501	27.40	 17.5	     45.00	D
202511504	13.00	   10	     23.00	F
202511505	14.80	  5.5	     21.00	F
202511542	13.00	   10	     23.00	F
202511545	19.80	 17.5	     38.00	E
202000027	25.80	    8	     34.00	F
202000491	15.70	  9.5	     26.00	F
202100056	 0.00	   DT	      0.00	DT
202100333	32.00	   30	     62.00	C
202100537	21.40	  7.5	     29.00	F
202100557	19.20	    3	     23.00	F
202100561	12.60	    1	     14.00	F
202200035	12.00	   AB	      0.00	I
202200254	20.00	   AB	      0.00	I
202300534	 0.00	   DT	      0.00	DT
202300586	31.60	   24	     56.00	C
202300639	13.50	   AB	      0.00	I
202400001	12.10	  8.5	     21.00	F
202400005	15.20	   19	     35.00	E
202400018	44.30	   33	     78.00	A
202400020	48.50	   34	     83.00	A
202400033	37.50	 34.5	     72.00	B
202400044	22.30	  6.5	     29.00	F
202400045	41.00	 29.5	     71.00	B
202400056	35.80	 40.5	     77.00	A
202400074	43.20	 36.5	     80.00	A
202400076	 4.00	    1	      5.00	F
202400077	17.30	   11	     29.00	F
202400096	29.80	 17.5	     48.00	D
202400120	36.70	   31	     68.00	B
202400127	38.90	   34	     73.00	B
202400132	27.00	   20	     47.00	D
202400136	15.50	  9.5	     25.00	F
202400138	32.80	   25	     58.00	C
202400181	35.70	 35.5	     72.00	B
202400186	19.20	 27.5	     47.00	D
202400193	43.40	 44.5	     88.00	S
202400201	45.10	   38	     84.00	A
202400219	 7.00	  3.5	     11.00	F
202400223	32.30	 36.5	     69.00	B
202400234	32.70	   42	     75.00	A
202400251	31.20	 28.5	     60.00	C
202400258	41.60	 39.5	     82.00	A
202400269	37.00	 32.5	     70.00	B
202400271	13.90	    9	     23.00	F
202400291	39.50	   40	     80.00	A
202400297	29.30	 30.5	     60.00	C
202400302	25.00	 17.5	     43.00	E
202400309	14.70	 10.5	     26.00	F
202400318	35.60	 27.5	     64.00	C
202400338	 0.00	   DT	      0.00	DT
202400344	16.70	 11.5	     29.00	F
202400350	41.20	 35.5	     77.00	A
202400355	32.00	   23	     55.00	C
202400372	36.60	 27.5	     65.00	B
202400390	17.70	 17.5	     36.00	E
202400400	24.60	 24.5	     50.00	D
202400405	18.00	 11.5	     30.00	F
202400407	35.60	 25.5	     62.00	C
202400408	18.60	   19	     38.00	E
202400410	47.40	   47	     95.00	S
202400417	42.10	   39	     82.00	A
202400419	13.20	    2	     16.00	F
202400421	23.00	 21.5	     45.00	D
202400427	21.50	 17.5	     39.00	E
202400441	44.60	 36.5	     82.00	A
202400451	38.70	   44	     83.00	A
202400456	17.80	 17.5	     36.00	E
202400488	25.40	   33	     59.00	C
202400493	20.70	 17.5	     39.00	E
202400508	26.10	 17.5	     44.00	E
202400512	19.80	 28.5	     49.00	D
202400533	22.90	 25.5	     49.00	D
202400548	24.30	   21	     46.00	D
202400701	18.50	 29.5	     48.00	D
202400709	26.45	   23	     50.00	D
202400717	22.40	    8	     31.00	F
202400718	19.00	 17.5	     37.00	E
202400719	43.40	 27.5	     71.00	B
202400730	17.50	 17.5	     35.00	E
202400734	18.90	 26.5	     46.00	D
202400736	15.00	    4	     19.00	F
202400738	26.30	 18.5	     45.00	D
202400740	16.00	 13.5	     30.00	F
202400763	17.70	 17.5	     36.00	E
202543501	23.40	   22	     46.00	D
202543503	 0.00	   DT	      0.00	DT
202543508	12.70	  4.5	     18.00	F
202543509	14.10	    0	     15.00	F
202300162	29.20	   AB	      0.00	I
202300439	31.80	 17.5	     50.00	D
202400009	44.80	   47	     92.00	S
202400065	30.40	 19.5	     50.00	D
202400101	30.50	   19	     50.00	D
202400118	19.50	   AB	      0.00	I
202400141	27.20	 24.5	     52.00	D
202400177	30.30	   21	     52.00	D
202400235	39.00	 21.5	     61.00	C
202400252	21.40	   24	     46.00	D
202400272	19.90	    7	     27.00	F
202400274	28.60	 39.5	     69.00	B
202400279	18.70	   11	     30.00	F
202400304	41.70	 33.5	     76.00	A
202400320	21.30	 10.5	     32.00	F
202400325	25.10	 17.5	     43.00	E
202400327	33.50	 24.5	     58.00	C
202400343	13.10	  2.5	     16.00	F
202400380	42.20	 30.5	     73.00	B
202400445	40.20	   38	     79.00	A
202400564	12.50	   AB	      0.00	I
202400705	19.80	   12	     32.00	F
202542501	10.50	   AB	      0.00	I
202542502	 9.20	    1	     11.00	F
202542503	 8.10	    4	     13.00	F
202542504	18.50	    4	     23.00	F
202542505	14.90	    3	     18.00	F
202400221	39.80	 30.5	     71.00	B
202400530	13.80	 11.5	     26.00	F
202400566	38.60	 21.5	     61.00	C
202400574	17.40	 17.5	     35.00	E
202000318	26.65	   MP	      0.00	MP
202400167	16.60	  9.5	     27.00	F
202400169	19.50	   AB	      0.00	I
202400170	18.20	   AB	      0.00	I
202400174	29.60	 11.5	     42.00	F
202400255	23.00	 17.5	     41.00	E
202400358	39.90	   34	     74.00	B
202400384	38.45	 35.5	     74.00	B
202400389	14.20	  3.5	     18.00	F
202400392	 8.00	  0.5	      9.00	F
202400393	14.00	  1.5	     16.00	F
202400398	34.80	   18	     53.00	D
202400505	30.60	   33	     64.00	C
202400754	12.50	   23	     36.00	E
202400761	32.80	   27	     60.00	C
202545501	12.60	   AB	      0.00	I
202200217	11.00	   AB	      0.00	I
202400007	36.00	  5.5	     42.00	F
202400021	40.40	   36	     77.00	A
202400029	19.50	 11.5	     31.00	F
202400034	39.20	   19	     59.00	C
202400052	34.90	 17.5	     53.00	D
202400102	20.30	    5	     26.00	F
202400113	28.20	    4	     33.00	F
202400130	 7.70	    2	     10.00	F
202400168	29.00	 17.5	     47.00	D
202400195	44.30	   41	     86.00	S
202400198	33.70	   24	     58.00	C
202400240	37.50	   27	     65.00	B
202400241	14.60	   20	     35.00	E
202400246	30.50	   22	     53.00	D
202400250	39.30	 22.5	     62.00	C
202400262	32.00	   32	     64.00	C
202400264	34.50	 29.5	     64.00	C
202400265	17.50	  1.5	     19.00	F
202400289	28.50	   18	     47.00	D
202400303	44.40	   39	     84.00	A
202400311	35.90	 30.5	     67.00	B
202400313	28.40	 17.5	     46.00	D
202400314	40.10	 28.5	     69.00	B
202400324	24.10	   11	     36.00	F
202400326	 0.00	   DT	      0.00	DT
202400333	41.70	 43.5	     86.00	S
202400340	37.80	 20.5	     59.00	C
202400341	27.10	 17.5	     45.00	D
202400351	20.40	  8.5	     29.00	F
202400374	29.00	   12	     41.00	F
202400381	37.00	   30	     67.00	B
202400385	44.90	   39	     84.00	A
202400416	37.80	   35	     73.00	B
202400443	28.80	 19.5	     49.00	D
202400462	12.60	  3.5	     17.00	F
202400467	31.50	 23.5	     55.00	C
202400470	42.20	 41.5	     84.00	A
202400474	38.10	   36	     75.00	A
202400480	23.30	 17.5	     41.00	E
202400497	35.00	 20.5	     56.00	C
202400500	16.80	  5.5	     23.00	F
202400504	16.60	 11.5	     29.00	F
202400507	31.40	   30	     62.00	C
202400510	31.40	   20	     52.00	D
202400513	 0.00	   AB	      0.00	I
202400519	18.00	 17.5	     36.00	E
202400523	47.40	 36.5	     84.00	A
202400535	25.20	 17.5	     43.00	E
202400537	15.90	 21.5	     38.00	E
202400538	39.70	   37	     77.00	A
202400543	44.10	 35.5	     80.00	A
202400553	22.00	 17.5	     40.00	E
202400560	 9.00	   AB	      0.00	I
202400712	40.70	 43.5	     85.00	S
202400759	27.20	   19	     47.00	D
202400765	46.40	   38	     85.00	S
202541503	 9.70	   AB	      0.00	I


NOTE: IF UM<35 (35 Percent out of 100 Marks) and Total <35 (35 Percent out of 100 Marks),then Theory Subject Grade is F

Mean = 52.079647		SD = 20.870752
Lower cut off for E = 35.000000
Lower cut off for S = 85.000000
Step size = 10.000000
Lower cut off for D = 45.000000
Lower cut off for C = 55.000000
Lower cut off for B = 65.000000
Lower cut off for A = 75.000000
No. of Absentees = 17
No. of Malpractices = 2
No. of Detentions = 9
No. of NA = 0
No. of students appeared = 339

Abbreviations : INT = IN SEM marks, UM : END SEM marks.

		SIKKIM MANIPAL UNIVERSITY 

		GRADE SHEET - MAY/JUNE 2026 EXAMINATIONS.  

Subject Code  : CD204A4		REFCODE(AIDS408)
Subject Title : DATABASE MANAGEMENT SYSTEMS LAB (CD204A4)
Subject Credit : 1.0 

REGNO		INT	   UM		TOT	GRADE
202200217	 0.00	   DT	      0.00	DT
202400007	51.80	   26	     78.00	B
202400021	48.00	   28	     76.00	B
202400029	39.00	   25	     64.00	D
202400034	54.30	   31	     86.00	A
202400052	50.70	   28	     79.00	B
202400102	44.50	   26	     71.00	C
202400113	43.60	   32	     76.00	B
202400130	43.60	   28	     72.00	C
202400168	50.20	   34	     85.00	A
202400195	54.50	   37	     92.00	S
202400198	51.00	   33	     84.00	A
202400240	44.70	   31	     76.00	B
202400241	46.40	 29.5	     76.00	B
202400246	40.90	   16	     57.00	E
202400250	47.50	   37	     85.00	A
202400262	49.90	   32	     82.00	A
202400264	46.60	   33	     80.00	B
202400265	40.60	   22	     63.00	D
202400289	42.50	   25	     68.00	C
202400303	54.80	   35	     90.00	S
202400311	54.80	   34	     89.00	A
202400313	38.20	   23	     62.00	D
202400314	45.30	   31	     77.00	B
202400324	55.90	   35	     91.00	S
202400326	 0.00	   DT	      0.00	DT
202400333	53.50	 35.5	     89.00	A
202400340	44.50	   24	     69.00	C
202400341	40.60	   22	     63.00	D
202400351	40.90	   29	     70.00	C
202400374	37.40	   23	     61.00	D
202400381	50.20	   25	     76.00	B
202400385	57.30	   38	     96.00	S
202400416	47.50	   34	     82.00	A
202400443	52.90	   25	     78.00	B
202400462	42.00	   23	     65.00	D
202400467	44.20	   25	     70.00	C
202400470	52.40	   36	     89.00	A
202400474	50.70	   34	     85.00	A
202400480	46.90	   26	     73.00	C
202400497	43.10	   08	     52.00	E
202400500	46.90	   24	     71.00	C
202400504	48.30	   34	     83.00	A
202400507	47.20	   27	     75.00	B
202400510	52.90	   31	     84.00	A
202400513	 0.00	   DT	      0.00	DT
202400519	51.30	   22	     74.00	B
202400523	55.60	   36	     92.00	S
202400535	46.60	   31	     78.00	B
202400537	43.10	   27	     71.00	C
202400538	50.50	   27	     78.00	B
202400543	53.70	   32	     86.00	A
202400553	39.30	   25	     65.00	D
202400560	38.70	   20	     59.00	D
202400712	49.40	   30	     80.00	B
202400759	47.20	 25.5	     73.00	C
202400765	54.80	   35	     90.00	S
202541503	40.40	   26	     67.00	C

Mean = 76.418182		SD = 10.117260
Lower cut off for E = 50.000000
Lower cut off for S = 90.000000
Step size = 8.000000
Lower cut off for D = 58.000000
Lower cut off for C = 66.000000
Lower cut off for B = 74.000000
Lower cut off for A = 82.000000
No. of Absentees = 0
No. of Malpractices = 0
No. of Detentions = 3
No. of NA = 0
No. of students appeared = 55

Abbreviations : INT = IN SEM marks, UM : END SEM marks.

		SIKKIM MANIPAL UNIVERSITY 

		GRADE SHEET - MAY/JUNE 2026 EXAMINATIONS.  

Subject Code  : CD203A4		REFCODE(AIDS407)
Subject Title : OBJECT ORIENTED PROGRAMMING USING JAVA LAB (CD203A4)
Subject Credit : 1.0 

REGNO		INT	   UM		TOT	GRADE
202200217	 0.00	   DT	      0.00	DT
202400007	54.50	   33	     88.00	S
202400021	50.00	   34	     84.00	A
202400029	40.50	   18	     59.00	D
202400034	52.50	   32	     85.00	A
202400052	47.50	   22	     70.00	C
202400102	41.50	   30	     72.00	C
202400113	39.50	   21	     61.00	D
202400130	40.50	   28	     69.00	C
202400168	51.50	   25	     77.00	B
202400195	56.00	   35	     91.00	S
202400198	51.50	   25	     77.00	B
202400240	53.00	   31	     84.00	A
202400241	51.50	   28	     80.00	A
202400246	50.50	   32	     83.00	A
202400250	45.50	   26	     72.00	C
202400262	53.00	   27	     80.00	A
202400264	53.50	   25	     79.00	B
202400265	42.50	   34	     77.00	B
202400289	40.00	   19	     59.00	D
202400303	56.50	   36	     93.00	S
202400311	44.00	   18	     62.00	D
202400313	35.50	   25	     61.00	D
202400314	53.00	   17	     70.00	C
202400324	52.00	   MP	      0.00	MP
202400326	 0.00	   DT	      0.00	DT
202400333	55.50	   31	     87.00	A
202400340	47.00	   15	     62.00	D
202400341	35.00	   25	     60.00	D
202400351	36.00	   25	     61.00	D
202400374	40.00	   18	     58.00	D
202400381	52.50	   21	     74.00	B
202400385	44.50	   35	     80.00	A
202400416	48.50	   29	     78.00	B
202400443	43.50	   34	     78.00	B
202400462	40.50	   26	     67.00	C
202400467	52.00	   14	     66.00	C
202400470	56.50	   25	     82.00	A
202400474	50.00	   32	     82.00	A
202400480	42.00	   20	     62.00	D
202400497	47.00	   14	     61.00	D
202400500	36.50	   34	     71.00	C
202400504	43.00	   21	     64.00	D
202400507	48.50	   15	     64.00	D
202400510	49.00	   26	     75.00	B
202400513	 0.00	   DT	      0.00	DT
202400519	55.00	   21	     76.00	B
202400523	52.50	   36	     89.00	S
202400535	54.00	   27	     81.00	A
202400537	42.50	   24	     67.00	C
202400538	53.00	   25	     78.00	B
202400543	41.50	   23	     65.00	C
202400553	36.50	   33	     70.00	C
202400560	38.00	   15	     53.00	E
202400712	51.50	   33	     85.00	A
202400759	50.00	   21	     71.00	C
202400765	55.50	   24	     80.00	A
202541503	37.50	   29	     67.00	C

Mean = 73.092590		SD = 9.892382
Lower cut off for E = 50.000000
Lower cut off for S = 88.000000
Step size = 7.600000
Lower cut off for D = 58.000000
Lower cut off for C = 65.000000
Lower cut off for B = 73.000000
Lower cut off for A = 80.000000
No. of Absentees = 0
No. of Malpractices = 1
No. of Detentions = 3
No. of NA = 0
No. of students appeared = 54

Abbreviations : INT = IN SEM marks, UM : END SEM marks.

		SIKKIM MANIPAL UNIVERSITY 

		GRADE SHEET - MAY/JUNE 2026 EXAMINATIONS.  

Subject Code  : CD204A2		REFCODE(AIDS412)
Subject Title : APPLIED TIME SERIES ANALYSIS (OPEN ELECTIVE II) (CD204A2)
Subject Credit : 4.0 

REGNO		INT	   UM		TOT	GRADE
202400347	21.60	   11	     33.00	F
202400391	15.40	  4.5	     20.00	F
202400406	31.85	   26	     58.00	C
202400018	32.05	 25.5	     58.00	C
202400201	31.60	   28	     60.00	C
202400297	22.15	   19	     42.00	E
202400350	27.25	 27.5	     55.00	D
202400355	33.15	  7.5	     41.00	F
202400408	18.10	 10.5	     29.00	F
202400417	26.35	 24.5	     51.00	D
202400441	29.70	   25	     55.00	D
202400709	 6.60	   AB	      0.00	I
202400717	17.20	  6.5	     24.00	F
202400719	25.60	   21	     47.00	D
202200217	 2.00	   AB	      0.00	I
202400313	13.75	   AB	      0.00	I
202400341	14.65	  1.5	     17.00	F
202400462	10.20	  7.5	     18.00	F
202541503	 7.70	   AB	      0.00	I


Abbreviations : INT = IN SEM marks, UM : END SEM marks.



NOTE: IF UM<35 (35 Percent out of 100 Marks ) and Total <35 (35 Percent out of 100 Marks),then Theory Subject Grade is F.


Absolute Grading Range : 
 S>89, A: 79-89, B: 68-78, C: 57-67, D:46-56, E:35-45, F<35

		SIKKIM MANIPAL UNIVERSITY 

		GRADE SHEET - MAY/JUNE 2026 EXAMINATIONS.  

Subject Code  : CD205A1		refcode(AIDS403)
Subject Title : DATABASE MANAGEMENT SYSTEMS (CD205A1)
Subject Credit : 4.0 

REGNO		INT	   UM		TOT	GRADE
202200217	 4.10	   AB	      0.00	I
202400007	41.50	   35	     77.00	B
202400021	35.30	35.25	     71.00	B
202400029	22.40	 22.5	     45.00	E
202400034	37.70	   37	     75.00	B
202400052	27.50	   32	     60.00	C
202400102	25.60	30.25	     56.00	D
202400113	39.10	28.75	     68.00	B
202400130	20.90	 22.5	     44.00	E
202400168	38.90	   38	     77.00	B
202400195	46.00	   42	     88.00	A
202400198	41.70	   29	     71.00	B
202400240	33.20	 32.5	     66.00	C
202400241	24.10	 25.5	     50.00	D
202400246	26.60	   27	     54.00	D
202400250	32.70	   39	     72.00	B
202400262	45.50	 33.5	     79.00	A
202400264	26.50	 37.5	     64.00	C
202400265	23.50	 30.5	     54.00	D
202400289	27.70	   35	     63.00	C
202400303	46.10	 46.5	     93.00	S
202400311	35.80	   43	     79.00	A
202400313	19.90	 23.5	     44.00	E
202400314	38.60	 34.5	     74.00	B
202400324	37.80	 30.5	     69.00	B
202400326	 0.00	   DT	      0.00	DT
202400333	41.10	 43.5	     85.00	A
202400340	25.40	   27	     53.00	D
202400341	24.00	 22.5	     47.00	D
202400351	 0.00	   DT	      0.00	DT
202400374	19.10	 17.5	     37.00	E
202400381	38.10	   43	     82.00	A
202400385	47.30	   46	     94.00	S
202400416	30.90	 40.5	     72.00	B
202400443	36.40	   41	     78.00	A
202400462	29.90	   29	     59.00	C
202400467	38.00	 35.5	     74.00	B
202400470	39.90	 46.5	     87.00	A
202400474	40.30	 43.5	     84.00	A
202400480	23.00	   21	     44.00	E
202400497	30.00	   34	     64.00	C
202400500	34.70	   34	     69.00	B
202400504	30.90	 24.5	     56.00	D
202400507	36.30	 36.5	     73.00	B
202400510	36.20	   35	     72.00	B
202400513	 0.00	   AB	      0.00	I
202400519	28.20	 29.5	     58.00	C
202400523	45.60	   42	     88.00	A
202400535	28.00	 28.5	     57.00	C
202400537	25.20	   29	     55.00	D
202400538	31.90	   41	     73.00	B
202400543	39.10	 40.5	     80.00	A
202400553	24.10	   25	     50.00	D
202400560	27.60	   AB	      0.00	I
202400712	38.60	 36.5	     76.00	B
202400759	34.50	   40	     75.00	B
202400765	44.00	   46	     90.00	S
202541503	25.20	   24	     50.00	D
202300282	 0.00	   DT	      0.00	DT


NOTE: IF UM<35 (35 Percent out of 100 Marks ) and Total <35 (35 Percent out of 100 Marks),then Theory Subject Grade is F

Mean = 67.452827		SD = 14.413623
Lower cut off for E = 35.000000
Lower cut off for S = 89.000000
Step size = 10.800000
Lower cut off for D = 46.000000
Lower cut off for C = 57.000000
Lower cut off for B = 67.000000
Lower cut off for A = 78.000000
No. of Absentees = 3
No. of Malpractices = 0
No. of Detentions = 3
No. of NA = 0
No. of students appeared = 53

Abbreviations : INT = IN SEM marks, UM : END SEM marks.